363
395
529
560
573
612
787
894
937
946
1028
1099
1152
1156
1214
1223
1247
1345
1387
1400
1416
1492
1627
1666
1875
1906
1918
2094
2126
2127
2205
2288
2472
2493
2598
2720
2834
2875
3316
3369
3548
3644
3707
3789
3834
3838
3849
3913
4042
4075
4228
4378
4550
4560
4588
4682
4769
4841
4917
4919
5077
5086
5245
5253
5316
5339
5381
5476
5698
5763
5788
5886
6011
6645
6689
6811
6939
6965
7002
7139
7413
7418
7478
7532
7574
7676
7882
7959
7961
7965
8236
8493
8495
8518
8690
8753
8762
8774
8919
9006
9060
9295
9346
9392
9456
9540
9805
9911
9952
10005
10080
10082
10099
10274
10325
10485
10552
10561
10632
10644
10729
10760
10821
10857
10963
11120
11246
11400
11420
11478
11485
11491
11530
11533
11549
11659
11843
11885
12176
12285
12670
12677
12717
12718
12856
12902
12910
12936
13005
13309
13540
13585
13662
13742
13749
13870
14015
14056
14083
14255
14259
14378
14380
14407
14416
14495
14561
14643
14879
14931
14990
15028
15107
15145
15257
15280
15415
15459
15545
15643
15960
16091
16241
16323
16381
16500
16540
16541
16596
16613
16617
16628
16646
16758
16785
16854
17112
17155
17284
17575
17666
17962
18111
18135
18150
18238
18265
18314
18386
18398
18428
18451
18484
18538
18557
18560
18586
18697
18899
18952
19271
19316
19489
19544
19596
19741
19947
19962
19981
20079
20325
20652
20798
20992
21058
21119
21240
21351
21542
21573
21934
21961
21988
22083
22182
22237
22330
22487
22575
22654
22665
22810
23049
23061
23067
23152
23452
23506
23512
23552
23725
23774
23793
23856
23867
23881
24077
24309
24460
24473
24483
24515
24823
24858
24950
25329
25755
25760
25776
25779
25812
25838
25847
25863
26241
26296
26324
26391
26395
26400
26524
26586
26628
26887
26906
27165
27174
27219
27295
27390
27396
27437
27654
27681
27704
27800
27828
27982
28279
28293
28488
28494
28632
28708
28819
28867
29038
29116
29193
29231
29387
29470
29474
29529
29586
29603
29649
29659
29818
29851
29864
29924
29987
30000
30004
30044
30213
30382
30392
30495
30538
30557
30864
30885
31167
31284
31390
31458
31611
31971
32162
32217
32308
32516
32626
32708
32831
32938
32956
33035
33209
33274
33292
33436
33444
33762
33860
33885
34040
34113
34155
34158
34293
34319
34402
34424
34513
34614
34629
34788
34930
35191
35350
35474
35629
35731
35801
35811
35825
35915
36017
36138
36141
36204
36306
36390
36699
36863
36950
37150
37300
37403
37511
37548
37722
37990
38006
38033
38226
38254
38565
38592
38642
38679
38803
38810
38903
38980
38997
39075
39377
39495
39513
39530
39570
39780
39864
39887
39972
40026
40036
40099
40192
40358
40403
40577
40611
40806
40906
40916
40943
40945
41178
41265
41370
41506
41552
41771
41775
41842
41975
41989
42075
42139
42167
42185
42233
42574
42805
42941
42955
43038
43054
43243
43393
43515
43586
43750
43895
44212
44349
44526
44625
44633
44911
45006
45029
45104
45117
45381
45469
45497
45502
45593
45647
45708
45772
45784
45807
45814
45853
45958
46004
46089
46279
46416
46430
46601
46725
46834
46858
47186
47202
47230
47263
47371
47389
47410
47606
47673
47913
47969
47983
48067
48084
48128
48167
48317
48395
48420
48607
48627
48770
48807
48866
49041
49207
49244
49335
49356
49584
49642
49678
49815
49831
49857
49995
50003
50012
50064
50095
50096
50134
50246
50294
50375
50400
50532
50586
50670
50716
50735
51029
51283
51431
51458
51771
52018
52080
52227
52238
52251
52309
52350
52504
52658
52696
52855
52867
52997
53046
53070
53101
53123
53195
53273
53351
53410
53609
53643
53682
53815
53898
53982
54118
54278
54464
54472
54546
54571
54676
54718
54752
54761
54864
54886
54887
54893
54988
55255
55478
55504
55515
55749
55810
55812
55853
55999
56099
56172
56252
56257
56300
56438
56510
56528
56611
56703
56766
56974
57025
57027
57039
57130
57150
57184
57211
57238
57300
57522
57534
57545
57555
57731
57814
58231
58343
58355
58403
58420
58493
58566
58677
58699
58762
58790
58803
58805
58977
59046
59079
59086
59258
59422
59569
59720
59742
59749
59768
59847
59913
60109
60119
60244
60301
60516
60595
60621
60636
60681
60778
60943
61007
61089
61131
61161
61311
61445
61478
61502
61509
61573
61760
61887
61914
62005
62078
62194
62250
62358
62491
62594
62595
62785
62901
63110
63405
63599
63716
63964
63972
64324
64527
64653
64773
64870
64994
65013
65031
65256
65396
65491
65746
65750
65868
65966
66117
66191
66295
66664
66699
66733
66869
67038
67082
67130
67185
67252
67396
67655
67875
67885
68001
68023
68047
68164
68239
68395
68453
68563
68576
68587
68662
68687
68892
68893
68965
69308
69450
69518
69539
69607
69700
69944
69988
70297
70405
70689
70714
70758
70838
70923
70959
71027
71077
71110
71132
71416
71436
71562
71780
71906
71919
72043
72222
72281
72431
72473
72502
72510
72566
72569
72717
72727
72769
73010
73014
73090
73197
73350
73510
73517
73681
73926
73983
74001
74085
74112
74114
74165
74363
74407
74421
74443
74481
74599
74659
74810
74813
75119
75162
75179
75261
75358
75454
75675
75928
75939
76028
76180
76249
76293
76330
76483
76615
76863
76946
77003
77094
77105
77374
77550
77580
77735
77802
77844
77884
77931
77965
78254
78292
78370
78606
78620
78621
78688
78794
78827
78971
78977
79157
79236
79257
79461
79470
79549
79802
79841
79894
80034
80058
80100
80108
80112
80307
80459
80749
80908
81023
81217
81240
81244
81280
81312
81321
81379
81402
81470
81565
81698
81701
81864
81897
81902
82140
82144
82266
82316
82471
82582
82613
82706
82733
82821
82848
82887
83050
83057
83181
83487
83566
83735
83783
83808
83826
83959
84134
84159
84173
84262
84366
84623
84719
84807
85003
85006
85075
85128
85200
85301
85396
85404
85472
85486
85623
85766
85863
85918
85959
86388
86429
86595
86866
86930
87202
87435
87739
87776
87871
88031
88055
88088
88111
88119
88132
88175
88297
88304
88323
88351
88371
88436
88519
88611
88843
88862
88891
89174
89347
89512
89662
89808
89964
90020
90110
90124
90146
90491
90635
90885
90965
91116
91118
91178
91206
91222
91243
91245
91310
91408
91572
91583
91896
91984
92095
92340
92390
92516
92546
92552
92583
92816
92906
92989
93040
93202
93607
93739
93852
93992
94248
94259
94313
94326
94421
94483
94566
94615
94646
94670
94894
94953
95222
95310
95406
95496
95549
95563
95693
95786
95809
95819
95941
96020
96221
96362
96557
96602
96655
96933
97081
97128
97371
97485
97523
97529
97533
97735
97824
97879
97938
97955
97970
97975
98052
98157
98280
98286
98419
98461
98645
98756
98762
99124
99236
99358
99400
99769
99790
99919
99947
100112
100143
100315
100451
100474
100499
100633
100833
100850
101061
101228
101649
101831
101886
101917
101938
102034
102165
102231
102259
102285
102320
102626
102760
102797
103052
103131
103198
103242
103291
103295
103413
103455
103470
103618
103810
103861
103918
104104
104329
104348
104428
104559
104582
104713
104875
104889
104926
104985
104992
105122
105141
105144
105220
105368
105369
105451
105466
105534
105617
105808
105879
105995
106066
106088
106182
106195
106512
106516
106518
106529
106530
106572
106681
106753
106856
106999
107001
107043
107080
107126
107327
107437
107492
107566
107584
107646
107647
107770
107928
108147
108181
108290
108317
108322
108463
108514
108556
108559
108637
108942
108977
108993
109126
109165
109185
109222
109263
109267
109335
109427
109447
109491
109741
109991
110006
110008
110017
110402
110435
110569
110594
110944
111044
111069
111073
111184
111300
111413
111566
111575
111789
111904
111936
111942
111957
112011
112034
112092
112391
112650
112664
112701
112715
112917
113079
113147
113148
113158
113168
113212
113516
113546
113656
113704
113774
113784
113846
113947
114070
114135
114159
114257
114262
114267
114488
114498
114516
114525
114612
114651
114744
114770
115039
115049
115050
115220
115264
115372
115409
115434
115679
115864
116055
116094
116302
116325
116408
116847
116872
117087
117117
117373
117383
117447
117497
117566
117928
117995
118067
118082
118096
118206
118296
118465
118827
118958
119000
119067
119088
119172
119191
119277
119320
119346
119414
119489
119707
119725
119842
119877
119886
120063
120152
120461
120525
120561
120685
120903
120988
121122
121146
121210
121242
121387
121401
121467
121468
121486
121554
121987
122120
122133
122189
122323
122510
122644
122670
122787
122961
122986
122999
123048
123134
123176
123177
123433
123465
123894
123975
124024
124114
124127
124134
124317
124469
124580
124648
124698
124699
124786
124820
124907
124966
125266
125277
125447
125538
125771
125943
126168
126214
126242
126413
126471
126621
126637
126743
126781
126920
126977
127045
127057
127064
127093
127103
127194
127330
127390
127412
127500
127636
127657
127664
127942
128197
128445
128705
128816
128854
128969
129099
129131
129215
129228
129284
129431
129472
129533
129608
129611
129808
129855
129924
129926
130048
130207
130345
130485
130519
130592
130676
130827
130914
130976
130991
